1320 
1308 
1304 
1296 
1292 
1300 
1308 
1312 
1308 
1288 
1284 
1276 
1320 
1284 
1308 
1312 
1312 
1300 
1308 
1300 
1296 
1312 
1296 
1288 
1304 
1292 
1264 
1328 
1276 
1308 
1296 
1312 
1296 
1300 
1264 
1300 
1308 
1292 
1312 
1304 
1344 
1292 
1308 
1320 
1360 
1324 
1336 
1316 
1312 
1344 
1328 
1336 
1332 
1320 
1332 
1356 
1332 
1360 
1376 
1340 
1348 
1352 
1332 
1352 
1356 
1336 
1356 
1356 
1336 
1356 
1328 
1356 
1352 
1372 
1360 
1384 
1416 
1532 
1708 
1872 
1940 
1940 
1928 
1900 
1932 
1916 
1940 
1920 
1952 
1916 
1976 
1960 
1972 
1996 
1988 
1952 
1980 
2004 
1992 
1976 
1988 
2008 
1960 
1968 
1952 
1960 
1968 
1956 
1908 
1916 
1948 
2000 
1916 
1936 
1832 
1816 
1736 
1732 
1696 
1680 
1660 
1708 
1664 
1628 
1632 
1584 
1520 
1536 
1500 
1424 
1416 
1384 
1356 
1444 
1656 
1868 
1940 
1880 
1808 
1776 
1528 
1672 
1584 
1508 
1468 
1372 
1456 
1392 
1416 
1392 
1420 
1340 
1352 
1296 
1220 
1200 
1180 
1156 
1116 
1100 
1104 
1052 
1064 
1044 
1048 
1040 
1032 
1052 
1128 
1208 
1308 
1460 
1688 
1852 
2080 
2224 
2336 
2284 
2264 
2272 
2208 
2152 
2108 
2084 
2040 
2012 
1976 
1908 
1872 
1824 
1776 
1688 
1600 
1500 
1444 
1316 
1244 
1180 
1160 
1132 
1112 
1108 
1092 
1072 
1032 
1024 
1040 
976 
968 
1012 
1028 
1112 
1200 
1276 
1440 
1640 
1788 
1936 
2024 
2036 
2072 
2148 
2140 
2192 
2160 
2100 
2068 
2020 
1988 
1908 
1868 
1844 
1804 
1784 
1720 
1648 
1536 
1456 
1308 
1188 
1136 
1124 
1072 
1028 
988 
956 
956 
920 
924 
896 
912 
912 
892 
928 
940 
972 
1048 
1128 
1200 
1324 
1428 
1592 
1740 
1844 
1912 
1940 
1936 
1964 
1932 
1932 
1924 
1932 
1868 
1888 
1844 
1808 
1756 
1696 
1660 
1584 
1468 
1400 
1328 
1232 
1176 
1144 
1100 
1076 
1020 
1020 
1028 
948 
956 
956 
932 
892 
896 
908 
952 
1044 
1108 
1224 
1332 
1520 
1676 
1820 
1880 
1904 
1980 
1912 
1996 
1968 
2036 
2112 
2040 
1984 
1944 
1924 
1868 
1808 
1784 
1760 
1692 
1664 
1608 
1552 
1468 
1432 
1380 
1356 
1304 
1240 
1172 
1136 
1116 
1080 
1052 
1048 
1008 
1008 
968 
948 
924 
908 
916 
948 
972 
1028 
1120 
1180 
1336 
1452 
1616 
1684 
1692 
1792 
1880 
1884 
1876 
1908 
1888 
1872 
1832 
1788 
1796 
1792 
1772 
1728 
1716 
1664 
1560 
1536 
1484 
1384 
1384 
1336 
1240 
1152 
1100 
1040 
1004 
992 
960 
952 
972 
932 
912 
896 
892 
912 
976 
1024 
1172 
1248 
1352 
1524 
1584 
1664 
1704 
1788 
1880 
1848 
1892 
1832 
1796 
1804 
1828 
1788 
1772 
1768 
1740 
1728 
1672 
1640 
1576 
1528 
1512 
1436 
1400 
1356 
1292 
1260 
1136 
1084 
1028 
984 
948 
988 
928 
892 
928 
912 
920 
892 
900 
900 
960 
1016 
1088 
1132 
1232 
1408 
1480 
1572 
1612 
1696 
1712 
1724 
1744 
1740 
1728 
1712 
1712 
1648 
1628 
1632 
1612 
1552 
1524 
1480 
1428 
1372 
1276 
1292 
1276 
1252 
1212 
1140 
1072 
1028 
976 
976 
972 
948 
912 
940 
960 
936 
912 
892 
932 
1004 
1084 
1228 
1356 
1500 
1708 
1844 
1956 
1984 
1940 
1904 
1828 
1868 
1840 
1844 
1856 
1856 
1796 
1724 
1752 
1696 
1692 
1644 
1568 
1524 
1456 
1408 
1356 
1312 
1204 
1128 
1072 
1044 
988 
956 
944 
928 
892 
900 
884 
872 
876 
912 
940 
1000 
1056 
1148 
1248 
1408 
1444 
1572 
1664 
1664 
1656 
1700 
1712 
1792 
1736 
1748 
1792 
1760 
1716 
1660 
1640 
1644 
1632 
1592 
1536 
1468 
1368 
1308 
1260 
1168 
1096 
1080 
980 
1008 
956 
940 
920 
912 
876 
860 
884 
912 
884 
880 
964 
988 
1076 
1180 
1296 
1440 
1548 
1656 
1704 
1700 
1724 
1688 
1720 
1708 
1728 
1776 
1760 
1740 
1732 
1684 
1696 
1628 
1620 
1600 
1520 
1468 
1416 
1352 
1292 
1280 
1244 
1180 
1124 
1096 
1028 
1036 
980 
964 
940 
920 
912 
892 
880 
892 
860 
876 
880 
916 
936 
964 
996 
1004 
1084 
1200 
1376 
1536 
1680 
1748 
1820 
1800 
1816 
1844 
1864 
1864 
1892 
1852 
1860 
1816 
1776 
1756 
1748 
1724 
1692 
1664 
1648 
1644 
1560 
1472 
1352 
1296 
1196 
1136 
1088 
1024 
1020 
1028 
1000 
976 
944 
908 
904 
896 
904 
876 
904 
928 
928 
936 
964 
980 
1048 
1152 
1248 
1352 
1452 
1608 
1664 
1680 
1656 
1676 
1696 
1680 
1688 
1672 
1664 
1648 
1644 
1640 
1620 
1560 
1540 
1500 
1404 
1348 
1260 
1240 
1164 
1116 
1064 
1020 
1012 
972 
956 
928 
944 
924 
900 
936 
912 
884 
896 
912 
952 
968 
1044 
1052 
1112 
1188 
1272 
1364 
1492 
1604 
1628 
1656 
1656 
1728 
1688 
1764 
1752 
1832 
1756 
1864 
1864 
1812 
1808 
1756 
1752 
1672 
1668 
1616 
1584 
1580 
1556 
1512 
1456 
1448 
1404 
1292 
1232 
1180 
1116 
1096 
1060 
1032 
1040 
984 
1004 
992 
944 
916 
912 
944 
952 
940 
1000 
1044 
1120 
1168 
1192 
1304 
1360 
1416 
1436 
1496 
1584 
1560 
1628 
1648 
1660 
1692 
1688 
1676 
1640 
1636 
1640 
1628 
1616 
1604 
1560 
1516 
1500 
1464 
1428 
1372 
1360 
1292 
1308 
1248 
1256 
1208 
1128 
1096 
1040 
1004 
1016 
976 
944 
916 
928 
892 
904 
876 
924 
936 
952 
1012 
1064 
1140 
1216 
1312 
1380 
1544 
1588 
1656 
1660 
1676 
1732 
1760 
1776 
1808 
1812 
1808 
1804 
1816 
1824 
1804 
1800 
1800 
1768 
1760 
1708 
1704 
1676 
1636 
1628 
1568 
1556 
1460 
1376 
1336 
1296 
1236 
1184 
1156 
1128 
1072 
1032 
1020 
1012 
976 
988 
956 
940 
908 
888 
944 
960 
980 
996 
1052 
1068 
1116 
1156 
1172 
1264 
1276 
1376 
1412 
1480 
1544 
1560 
1600 
1600 
1616 
1660 
1644 
1652 
1696 
1668 
1668 
1680 
1688 
1672 
1684 
1644 
1640 
1608 
1580 
1552 
1528 
1508 
1468 
1464 
1444 
1376 
1384 
1340 
1320 
1308 
1252 
1260 
1252 
1232 
1192 
1132 
1076 
1028 
1028 
1008 
972 
948 
972 
980 
1052 
1088 
1168 
1212 
1268 
1364 
1352 
1400 
1492 
1524 
1540 
1584 
1596 
1636 
1660 
1652 
1760 
1748 
1696 
1764 
1720 
1680 
1708 
1660 
1664 
1612 
1552 
1564 
1516 
1508 
1456 
1436 
1404 
1404 
1408 
1380 
1376 
1368 
1348 
1340 
1292 
1320 
1312 
1248 
1112 
1108 
1072 
1020 
1004 
1060 
1172 
1248 
1280 
1352 
1420 
1444 
1496 
1584 
1620 
1648 
1620 
1628 
1644 
1644 
1688 
1672 
1728 
1724 
1696 
1688 
1644 
1652 
1656 
1648 
1584 
1572 
1592 
1536 
1500 
1516 
1480 
1452 
1504 
1476 
1412 
1376 
1276 
1236 
1176 
1120 
1080 
1060 
1060 
1020 
996 
960 
976 
976 
972 
996 
1028 
1060 
1128 
1188 
1280 
1424 
1500 
1532 
1580 
1620 
1692 
1688 
1684 
1752 
1748 
1820 
1808 
1804 
1788 
1772 
1792 
1780 
1780 
1760 
1756 
1692 
1668 
1628 
1604 
1592 
1592 
1552 
1520 
1500 
1444 
1380 
1336 
1272 
1212 
1180 
1168 
1132 
1104 
1084 
1072 
1088 
1056 
1052 
1036 
1064 
1104 
1164 
1216 
1232 
1296 
1400 
1440 
1480 
1484 
1532 
1516 
1612 
1644 
1712 
1764 
1748 
1772 
1776 
1768 
1756 
1772 
1764 
1764 
1724 
1660 
1612 
1580 
1568 
1520 
1556 
1520 
1472 
1436 
1396 
1368 
1332 
1244 
1260 
1200 
1160 
1120 
1048 
1076 
1024 
988 
992 
956 
960 
952 
952 
952 
1012 
1080 
1132 
1224 
1308 
1388 
1544 
1600 
1520 
1688 
1712 
1712 
1740 
1756 
1772 
1780 
1776 
1764 
1740 
1704 
1688 
1680 
1644 
1652 
1592 
1544 
1584 
1544 
1516 
1480 
1528 
1444 
1464 
1432 
1392 
1332 
1276 
1208 
1148 
1128 
1028 
1028 
1004 
996 
972 
960 
980 
984 
932 
960 
956 
964 
996 
1016 
1080 
1100 
1188 
1276 
1392 
1416 
1480 
1512 
1556 
1584 
1600 
1628 
1640 
1660 
1612 
1668 
1652 
1620 
1612 
1620 
1628 
1692 
1612 
1604 
1604 
1576 
1568 
1504 
1512 
1460 
1536 
1432 
1360 
1256 
1244 
1180 
1120 
1080 
1012 
972 
972 
948 
952 
944 
936 
928 
960 
928 
916 
892 
900 
932 
956 
972 
1040 
1084 
1140 
1244 
1352 
1472 
1484 
1516 
1552 
1568 
1620 
1728 
1780 
1820 
1884 
1844 
1864 
1836 
1808 
1764 
1716 
1728 
1660 
1664 
1628 
1580 
1516 
1472 
1388 
1312 
1224 
1160 
1120 
1044 
1028 
1004 
972 
956 
936 
928 
952 
908 
972 
952 
972 
1012 
1012 
1048 
1096 
1156 
1248 
1336 
1460 
1568 
1656 
1712 
1656 
1708 
1660 
1692 
1736 
1748 
1780 
1800 
1852 
1864 
1788 
1804 
1744 
1740 
1704 
1676 
1632 
1660 
1632 
1564 
1540 
1560 
1536 
1524 
1516 
1460 
1420 
1412 
1352 
1312 
1244 
1144 
1136 
1088 
1104 
1072 
1056 
1008 
1032 
1088 
1128 
1208 
1236 
1372 
1392 
1460 
1556 
1600 
1600 
1588 
1628 
1644 
1728 
1688 
1700 
1688 
1660 
1636 
1640 
1600 
1588 
1584 
1552 
1544 
1484 
1500 
1456 
1416 
1408 
1332 
1304 
1272 
1272 
1192 
1140 
1088 
1024 
1100 
1116 
1052 
1004 
996 
964 
960 
948 
992 
1028 
1088 
1176 
1236 
1320 
1384 
1440 
1496 
1536 
1532 
1580 
1572 
1640 
1756 
1776 
1820 
1796 
1808 
1872 
1860 
1832 
1836 
1776 
1784 
1776 
1736 
1716 
1724 
1688 
1656 
1612 
1572 
1580 
1540 
1616 
1516 
1516 
1444 
1384 
1328 
1276 
1280 
1248 
1180 
1132 
1108 
1080 
1104 
1100 
1100 
1128 
1216 
1228 
1300 
1312 
1360 
1396 
1456 
1468 
1520 
1556 
1564 
1572 
1616 
1616 
1648 
1696 
1692 
1688 
1704 
1664 
1628 
1600 
1608 
1560 
1552 
1544 
1484 
1496 
1472 
1432 
1416 
1376 
1304 
1280 
1224 
1272 
1268 
1236 
1264 
1264 
1280 
1244 
1256 
1252 
1208 
1216 
1240 
1200 
1216 
1200 
1192 
1208 
1188 
1196 
1176 
1180 
1168 
1180 
1144 
1180 
1172 
1156 
1184 
1164 
1156 
1136 
1152 
1132 
1184 
1144 
1172 
1164 
1148 
1156 
1152 
1176 
1132 
1184 
1184 
1160 
1204 
1200 
1196 
1200 
1208 
1220 
1184 
1180 
1216 
1216 
1208 
1264 
1244 
1220 
1224 
1252 
1264 
1280 
1264 
1252 
1260 
1260 
1256 
1244 
1272 
1252 
1288 
1272 
1276 
1268 
1264 
1312 
1292 
1332 
1320 
1304 
1312 
1292 
1308 
1320 
1320 
1320 
1296 
1308 
1284 
1328 
1304 
1284 
1268 
1292 
1280 
1216 
1284 
1280 
1324 
1284 
1244 
1260 
1288 
1288 
1276 
1288 
1304 
1300 
1276 
1304 
1252 
1292 
1320 
1308 
1316 
1336 
1276 
1312 
1244 
1232 
1252 
1232 
1216 
1212 
1196 
1204 
1216 
1216 
1180 
1168 
1192 
1204 
1216 
1192 
1208 
1228 
1272 
1276 
1328 
1344 
1356 
1344 
1368 
1324 
1332 
1348 
1308 
1312 
1300 
1312 
1328 
1312 
1320 
1300 
1312 
1316 
1288 
1320 
1316 
1340 
1304 
1284 
1304 
1292 
1312 
1312 
1284 
1300 
1304 
1296 
1288 
1296 
1248 
1312 
1300 
1300 
1324 
1296 
1280 
1280 
1300 
1292 
1276 
1296 
1312 
1320 
1272 
1268 
1296 
1308 
1304 
1300 
1328 
1280 
1320 
1308 
1312 
1300 
1292 
1296 
1284 
1292 
1300 
1308 
1300 
1296 
1292 
1344 
1284 
1296 
1296 
1284 
1304 
1268 
1300 
1312 
1280 
1284 
1284 
1276 
1312 
1276 
1296 
1284 
1312 
1272 
1292 
1288 
1276 
1292 
1264 
1280 
1280 
1308 
1332 
1336 
1244 
1312 
1332 
1320 
1312 
1308 
1296 
1280 
1256 
1248 
1208 
1180 
1232 
1368 
1496 
1584 
1648 
1704 
1664 
1672 
1616 
1568 
1500 
1412 
1388 
1312 
1264 
1244 
1192 
1084 
1164 
1276 
1440 
1528 
1664 
1712 
1696 
1612 
1588 
1468 
1428 
1380 
1284 
1248 
1212 
1232 
1296 
1432 
1532 
1644 
1720 
1740 
1764 
1776 
1716 
1672 
1608 
1592 
1520 
1428 
1380 
1332 
1252 
1264 
1276 
1344 
1436 
1528 
1564 
1664 
1712 
1704 
1704 
1648 
1560 
1440 
1384 
1344 
1292 
1316 
1276 
1256 
1228 
1376 
1500 
1596 
1692 
1724 
1740 
1684 
1636 
1608 
1572 
1484 
1440 
1404 
1332 
1332 
1312 
1212 
1232 
1260 
1424 
1596 
1784 
1892 
1944 
1936 
1928 
1904 
1760 
1688 
1560 
1536 
1440 
1404 
1348 
1300 
1376 
1516 
1616 
1748 
1824 
1868 
1916 
1844 
1760 
1636 
1540 
1472 
1448 
1444 
1388 
1388 
1376 
1328 
1380 
1436 
1452 
1452 
1496 
1532 
1584 
1620 
1596 
1572 
1568 
1556 
1532 
1520 
1540 
1488 
1500 
1508 
1472 
1480 
1496 
1480 
1472 
1472 
1448 
1468 
1480 
1440 
1428 
1472 
1440 
1404 
1428 
1396 
1388 
1396 
1180 
1356 
1372 
1340 
1348 
1356 
1344 
1332 
1324 
1316 
1308 
1344 
1348 
1328 
1296 
1316 
1300 
1312 
1332 
1316 
1304 
1344 
1336 
1304 
1308 
1308 
1324 
1324 
1352 
1372 
1396 
1408 
1356 
1416 
1344 
1260 
1240 
1200 
1148 
1128 
1140 
1140 
1124 
1092 
1052 
1056 
1044 
1028 
1068 
1048 
1144 
1188 
1288 
1340 
1384 
1444 
1660 
1824 
1944 
2060 
2044 
2036 
2008 
2012 
2000 
1968 
1932 
1976 
1924 
1932 
1932 
1952 
1908 
1860 
1848 
1840 
1820 
1808 
1764 
1752 
1692 
1624 
1468 
1372 
1316 
1192 
1124 
1084 
1096 
1064 
1048 
984 
972 
944 
948 
908 
976 
948 
976 
992 
1100 
1176 
1280 
1372 
1488 
1712 
1900 
2072 
2168 
2276 
2212 
2164 
2184 
2200 
2144 
2144 
2100 
2120 
2116 
2104 
2040 
2016 
1980 
1940 
1848 
1772 
1612 
1504 
1344 
1204 
1160 
1124 
1088 
1036 
1016 
992 
948 
944 
928 
928 
908 
912 
972 
972 
1012 
1052 
1084 
1168 
1288 
1496 
1660 
1856 
1932 
2008 
2076 
2000 
1992 
1964 
1976 
1992 
1856 
1984 
1972 
1968 
1900 
1900 
1856 
1816 
1788 
1776 
1704 
1656 
1460 
1376 
1228 
1144 
1116 
1100 
1072 
1024 
1032 
1028 
1016 
1012 
968 
972 
968 
960 
968 
984 
988 
1044 
1096 
1280 
1468 
1680 
1760 
1900 
1968 
1952 
1920 
1932 
1884 
1868 
1876 
1888 
1880 
1820 
1812 
1808 
1748 
1760 
1716 
1696 
1612 
1564 
1444 
1360 
1300 
1216 
1152 
1056 
1028 
1016 
1012 
1016 
1048 
1012 
1008 
992 
972 
1024 
1048 
1068 
1120 
1224 
1272 
1352 
1468 
1568 
1656 
1776 
1820 
1884 
2016 
2024 
2044 
2024 
2072 
2036 
2052 
2068 
2008 
2012 
1968 
1924 
1900 
1860 
1824 
1792 
1756 
1716 
1636 
1604 
1472 
1324 
1232 
1180 
1144 
1092 
1096 
1100 
1108 
1120 
1104 
1104 
1140 
1204 
1252 
1308 
1340 
1472 
1588 
1704 
1804 
1804 
1856 
1936 
1940 
1928 
1952 
1976 
2048 
2064 
2032 
1984 
1900 
1920 
1824 
1844 
1784 
1720 
1680 
1548 
1476 
1388 
1320 
1280 
1232 
1216 
1176 
1132 
1092 
1084 
1104 
1056 
1064 
1048 
1016 
1048 
1036 
1020 
1044 
1092 
1136 
1204 
1276 
1416 
1536 
1604 
1668 
1728 
1716 
1688 
1728 
1748 
1752 
1736 
1740 
1736 
1752 
1708 
1696 
1664 
1632 
1604 
1616 
1588 
1600 
1564 
1536 
1512 
1476 
1468 
1496 
1500 
1436 
1436 
1400 
1396 
1404 
1368 
1360 
1360 
1360 
1372 
1368 
1348 
1360 
1352 
1356 
1340 
1356 
1352 
1356 
1364 
1368 
1384 
1472 
1496 
1532 
1568 
1532 
1532 
1588 
1576 
1500 
1556 
1480 
1532 
1524 
1536 
1508 
1536 
1496 
1460 
1484 
1464 
1472 
1456 
1436 
1488 
1456 
1468 
1460 
1436 
1428 
1444 
1444 
1456 
1428 
1436 
1456 
1472 
1412 
1472 
1444 
1432 
1428 
1464 
1456 
1464 
1436 
1468 
1468 
1424 
1460 
1452 
1436 
1424 
1436 
1440 
1424 
1404 
1440 
1428 
1436 
1424 
1432 
1440 
1440 
1408 
1452 
1412 
1420 
1400 
1412 
1424 
1464 
1468 
1456 
1484 
1488 
1528 
1496 
1532 
1472 
1460 
1472 
1476 
1496 
1648 
1848 
1760 
1724 
1688 
1696 
1736 
1740 
1788 
1728 
1792 
1756 
1728 
1728 
1724 
1704 
1716 
1692 
1696 
1680 
1712 
1704 
1704 
1720 
1712 
1712 
1700 
1692 
1724 
1724 
1712 
1684 
1696 
1692 
1680 
1692 
1676 
1680 
1668 
1644 
1668 
1604 
1684 
1648 
1660 
1596 
1664 
1656 
1636 
1632 
1620 
1600 
1616 
1624 
1640 
1616 
1612 
1596 
1568 
1588 
1600 
1600 
1632 
1596 
1592 
1560 
1624 
1608 
1600 
1564 
1600 
1604 
1476 
1768 
1496 
1768 
1500 
1764 
1488 
1772 
1480 
1780 
1472 
1780 
1504 
1772 
1484 
1756 
1512 
1756 
1484 
1772 
1484 
1768 
1504 
1768 
1488 
1756 
1520 
1768 
1452 
1752 
1504 
1744 
1488 
1776 
1500 
1772 
1492 
1764 
1468 
1764 
1472 
1756 
1476 
1776 
1504 
1772 
1484 
1752 
1504 
1760 
1492 
1732 
1484 
1756 
1488 
1764 
1488 
1768 
1504 
1780 
1508 
1756 
1492 
1760 
1484 
1744 
1504 
1776 
1512 
1760 
1496 
1776 
1492 
1772 
1500 
1776 
1504 
1760 
1496 
1784 
1484 
1996 
1512 
2196 
1528 
2256 
1504 
2288 
1516 
2328 
1496 
2432 
1492 
2492 
1508 
2596 
1540 
2616 
1536 
2636 
1516 
2612 
1520 
2584 
1524 
2560 
1520 
2540 
1472 
2516 
1504 
2476 
1484 
2456 
1504 
2444 
1468 
2432 
1512 
2412 
1492 
2424 
1468 
2380 
1508 
2344 
1504 
2348 
1568 
2216 
1532 
2208 
1588 
2168 
1564 
2160 
1596 
2072 
1596 
2044 
1580 
2080 
1616 
1932 
1632 
1860 
1596 
1752 
1548 
1628 
1564 
1632 
1556 
1568 
1496 
1568 
1520 
1548 
1484 
1512 
1512 
1496 
1504 
1492 
1452 
1480 
1420 
1476 
1432 
1488 
1444 
1480 
1472 
1468 
1444 
1464 
1448 
1500 
1436 
1520 
1456 
1548 
1444 
1616 
1388 
1696 
1328 
1740 
1308 
1808 
1300 
1796 
1280 
1820 
1312 
1772 
1264 
1748 
1252 
1736 
1260 
1804 
1220 
1884 
1160 
1948 
1096 
1932 
1040 
1924 
980 
1916 
940 
1912 
924 
1924 
932 
1928 
872 
1924 
876 
1916 
860 
1908 
864 
1904 
884 
1848 
924 
1752 
1024 
1684 
1124 
1604 
1196 
1528 
1256 
1480 
1380 
1604 
1568 
2216 
1752 
2400 
2076 
2420 
2184 
2492 
2156 
2560 
2124 
2608 
2088 
2604 
2092 
2632 
2076 
2608 
2076 
2588 
2072 
2580 
2044 
2544 
2028 
2496 
2012 
2512 
2088 
2164 
1972 
1832 
1932 
1660 
1888 
1536 
1780 
1496 
1728 
1448 
1572 
1420 
1492 
1412 
1468 
1416 
1428 
1408 
1416 
1408 
1352 
1384 
1228 
1424 
1204 
1424 
1148 
1436 
1076 
1468 
1020 
1472 
992 
1452 
984 
1468 
960 
1500 
940 
1564 
952 
1600 
992 
1536 
1020 
1500 
1068 
1440 
1080 
1408 
1120 
1372 
1132 
1356 
1116 
1328 
1144 
1352 
1208 
1328 
1224 
1344 
1220 
1328 
1220 
1284 
1236 
1296 
1224 
1276 
1216 
1284 
1196 
1264 
1176 
1276 
1108 
1280 
1056 
1292 
976 
1344 
968 
1460 
936 
1572 
920 
1664 
928 
1760 
924 
1792 
908 
1852 
916 
1896 
928 
1916 
916 
1936 
880 
1944 
860 
1960 
860 
1952 
828 
1896 
840 
1896 
848 
1828 
836 
1752 
908 
1652 
1092 
1536 
1280 
1444 
1456 
1392 
1692 
1360 
1828 
1344 
1980 
1308 
2008 
1308 
2040 
1344 
1968 
1348 
1964 
1336 
1992 
1348 
1968 
1352 
1984 
1372 
1956 
1364 
1948 
1376 
1928 
1368 
1944 
1388 
1952 
1428 
1932 
1428 
1916 
1408 
1928 
1384 
1876 
1344 
1876 
1308 
1848 
1272 
1780 
1252 
1820 
1280 
1760 
1244 
1628 
1248 
1504 
1232 
1380 
1228 
1296 
1228 
1236 
1248 
1152 
1212 
1088 
1208 
1052 
1228 
992 
1248 
964 
1240 
932 
1256 
908 
1256 
904 
1228 
892 
1220 
856 
1212 
888 
1212 
880 
1212 
848 
1216 
836 
1208 
820 
1232 
856 
1168 
872 
1184 
844 
1184 
908 
1172 
1032 
1232 
1168 
1232 
1372 
1248 
1604 
1220 
1860 
1224 
1932 
1188 
1940 
1264 
1976 
1324 
1960 
1372 
1940 
1488 
1900 
1520 
1912 
1564 
1884 
1580 
1872 
1656 
1888 
1692 
1880 
1668 
1892 
1664 
1872 
1688 
1864 
1644 
1868 
1632 
1880 
1592 
1856 
1576 
1864 
1528 
1868 
1472 
1856 
1404 
1820 
1340 
1776 
1304 
1716 
1308 
1656 
1260 
1620 
1260 
1484 
1228 
1304 
1224 
1196 
1204 
1084 
1196 
1012 
1224 
968 
1260 
956 
1324 
940 
1428 
924 
1568 
916 
1648 
860 
1712 
860 
1776 
848 
1800 
828 
1792 
848 
1824 
844 
1784 
828 
1796 
808 
1772 
864 
1732 
956 
1600 
1228 
1488 
1572 
1424 
1952 
1384 
2160 
1520 
2144 
1800 
2064 
2180 
2052 
2244 
2024 
2268 
1996 
2264 
1984 
2248 
1952 
2200 
1924 
2228 
1928 
2224 
1924 
2216 
1952 
2192 
1916 
2184 
1912 
2160 
1928 
2116 
1928 
1988 
1948 
1856 
1940 
1708 
1888 
1516 
1840 
1420 
1796 
1376 
1716 
1352 
1552 
1332 
1396 
1308 
1360 
1276 
1268 
1268 
1196 
1276 
1156 
1284 
1124 
1288 
1080 
1312 
1020 
1344 
996 
1372 
964 
1432 
952 
1472 
912 
1492 
904 
1460 
868 
1412 
864 
1340 
884 
1308 
904 
1272 
996 
1244 
1212 
1244 
1540 
1228 
1860 
1300 
1900 
1760 
1948 
2276 
2000 
2324 
1928 
2324 
1900 
2332 
1920 
2324 
1864 
2308 
1864 
2296 
1880 
2304 
1868 
2260 
1880 
2300 
1856 
2260 
1836 
2268 
1804 
2272 
1828 
2272 
1824 
2256 
1804 
2256 
1776 
2124 
1740 
1816 
1700 
1656 
1640 
1516 
1556 
1436 
1400 
1368 
1288 
1344 
1176 
1308 
1068 
1296 
1024 
1296 
964 
1316 
940 
1300 
920 
1420 
928 
1508 
884 
1588 
892 
1680 
860 
1672 
840 
1656 
804 
1616 
820 
1536 
844 
1456 
948 
1404 
1136 
1392 
1428 
1328 
1812 
1396 
2064 
1768 
2024 
2092 
1984 
2188 
2000 
2216 
1968 
2204 
1952 
2208 
1916 
2208 
1952 
2200 
1884 
2200 
1936 
2188 
1884 
2204 
1876 
2180 
1864 
2212 
1884 
2192 
1876 
2172 
1860 
2200 
1872 
2188 
1892 
2176 
1876 
2000 
1788 
1728 
1728 
1648 
1632 
1524 
1560 
1424 
1412 
1384 
1356 
1368 
1296 
1328 
1184 
1272 
1084 
1264 
1084 
1252 
1032 
1264 
1040 
1240 
1056 
1236 
988 
1228 
1004 
1248 
960 
1232 
984 
1248 
976 
1212 
956 
1212 
940 
1224 
988 
1204 
1040 
1228 
1132 
1212 
1220 
1220 
1292 
1272 
1404 
1336 
1496 
1344 
1536 
1420 
1552 
1416 
1568 
1436 
1680 
1536 
1752 
1492 
1776 
1548 
1776 
1512 
1788 
1532 
1816 
1536 
1808 
1660 
1836 
1856 
1840 
2160 
1856 
2224 
1824 
2212 
1820 
2264 
1828 
2244 
988 
1216 
1016 
1216 
1020 
1216 
1000 
1204 
1016 
1208 
1012 
1204 
1000 
1216 
1004 
1212 
988 
1212 
1004 
1220 
1012 
1208 
1004 
1212 
1004 
1232 
1008 
1204 
972 
1216 
984 
1224 
1008 
1188 
1020 
1216 
992 
1204 
988 
1196 
976 
1196 
988 
1200 
988 
1180 
992 
1188 
992 
1196 
992 
1196 
992 
1184 
972 
1216 
1000 
1204 
996 
1180 
976 
1216 
996 
1208 
1004 
1248 
984 
1224 
972 
1236 
984 
1280 
980 
1244 
972 
1244 
964 
1272 
984 
1252 
980 
1244 
976 
1268 
936 
1232 
936 
1228 
940 
1268 
976 
1240 
952 
1212 
968 
1244 
932 
1212 
932 
1216 
920 
1204 
928 
1236 
948 
1196 
928 
1220 
932 
1220 
928 
1216 
908 
1240 
896 
1252 
916 
1204 
900 
1248 
912 
1212 
912 
1252 
928 
1240 
892 
1248 
916 
1280 
900 
1248 
924 
1248 
924 
1288 
920 
1248 
928 
1244 
940 
1268 
940 
1264 
936 
1252 
924 
1244 
916 
1240 
936 
1244 
920 
1236 
932 
1248 
908 
1232 
916 
1220 
900 
1224 
904 
1224 
912 
1212 
892 
1204 
900 
1228 
892 
1232 
916 
1212 
896 
1220 
916 
1212 
912 
1224 
892 
1200 
904 
1200 
904 
1224 
892 
1180 
888 
1208 
928 
1196 
892 
1204 
920 
1212 
908 
1196 
884 
1204 
900 
1212 
900 
1208 
904 
1208 
904 
1208 
920 
1204 
900 
1200 
936 
1208 
916 
1204 
904 
1232 
884 
1216 
936 
1204 
884 
1208 
892 
1228 
900 
1196 
904 
1200 
900 
1188 
908 
1220 
908 
1224 
888 
1192 
880 
1200 
872 
1184 
928 
1192 
888 
1216 
904 
1188 
896 
1192 
876 
1196 
864 
1176 
876 
1204 
868 
1192 
876 
1188 
856 
1192 
876 
1212 
860 
1216 
868 
1192 
872 
1192 
896 
1184 
860 
1180 
888 
1180 
900 
1180 
900 
1184 
872 
1180 
860 
1172 
896 
1196 
864 
1228 
880 
1268 
872 
1324 
872 
1340 
920 
1364 
924 
1336 
924 
1324 
916 
1320 
912 
1308 
904 
1256 
880 
1228 
884 
1232 
884 
1220 
904 
1240 
912 
1224 
904 
1232 
912 
1208 
876 
1208 
892 
1212 
912 
1208 
888 
1176 
876 
1192 
872 
1212 
868 
1204 
872 
1376 
908 
1616 
912 
1688 
1120 
1764 
1416 
2040 
1700 
2236 
2032 
2148 
2068 
2108 
2064 
2100 
2044 
2056 
2052 
2044 
2000 
2044 
2076 
2036 
2028 
2044 
2020 
2056 
2012 
1876 
2016 
1624 
1852 
1536 
1632 
1440 
1464 
1376 
1372 
1328 
1276 
1296 
1216 
1288 
1152 
1256 
1108 
1248 
1084 
1208 
1060 
1212 
1060 
1216 
1028 
1224 
1016 
1212 
1000 
1260 
940 
1412 
920 
1700 
916 
1844 
936 
1880 
1296 
2076 
1608 
2364 
2092 
2236 
2136 
2204 
2128 
2192 
2088 
2176 
2080 
2132 
2096 
2124 
2084 
2120 
2032 
2144 
2044 
2104 
2012 
2136 
1996 
2008 
2124 
1644 
2004 
1372 
1844 
1276 
1724 
1256 
1676 
1228 
1656 
1172 
1536 
1188 
1404 
1180 
1356 
1172 
1280 
1208 
1192 
1252 
1020 
1380 
932 
1644 
880 
1884 
820 
1916 
876 
1960 
1156 
2208 
1412 
2604 
2204 
2404 
2272 
2332 
2244 
2280 
2248 
2272 
2200 
2240 
2168 
2216 
2140 
2204 
2108 
2216 
2112 
2196 
2112 
2220 
2092 
2160 
2100 
1804 
1980 
1536 
1720 
1396 
1592 
1284 
1424 
1240 
1276 
1196 
1168 
1208 
1092 
1264 
1028 
1300 
960 
1404 
896 
1620 
844 
1828 
780 
1884 
760 
1900 
852 
1972 
1008 
2144 
1312 
2600 
2088 
2472 
2104 
2332 
2144 
2304 
2120 
2268 
2088 
2228 
2068 
2212 
2080 
2204 
2040 
2200 
2024 
2196 
2016 
2180 
1992 
2180 
2088 
1568 
1864 
1404 
1580 
1280 
1376 
1228 
1204 
1212 
1080 
1220 
988 
1296 
964 
1376 
928 
1484 
888 
1648 
844 
1832 
796 
1820 
756 
1884 
756 
1924 
824 
1952 
1024 
2204 
1312 
2628 
2092 
2436 
2208 
2320 
2232 
2296 
2240 
2232 
2216 
2204 
2208 
2200 
2208 
2192 
2144 
2172 
2092 
2168 
2124 
2192 
2120 
2076 
2096 
1604 
1844 
1372 
1588 
1312 
1372 
1240 
1300 
1224 
1200 
1232 
1052 
1296 
972 
1364 
924 
1456 
876 
1592 
824 
1760 
800 
1888 
748 
1884 
708 
1948 
788 
1964 
956 
2192 
1276 
2556 
1992 
2500 
2128 
2348 
2184 
2312 
2124 
2244 
2120 
2232 
2148 
2224 
2120 
2224 
2092 
2208 
2080 
2172 
2064 
2172 
2028 
2156 
2084 
1648 
1828 
1332 
1532 
1288 
1416 
1240 
1292 
1224 
1148 
1216 
1088 
1296 
1024 
1320 
944 
1384 
888 
1508 
868 
1720 
832 
1884 
748 
1920 
716 
1936 
784 
1964 
988 
2208 
1316 
2556 
2008 
2484 
2080 
2360 
2040 
2312 
2092 
2288 
2036 
2260 
2076 
2252 
2020 
2208 
2048 
2212 
2040 
2216 
1996 
2188 
2008 
2168 
2012 
1660 
1788 
1372 
1572 
1280 
1400 
1220 
1256 
1184 
1156 
1200 
1088 
1204 
1036 
1252 
1016 
1296 
924 
1360 
872 
1584 
796 
1856 
728 
1888 
720 
1932 
800 
1976 
1088 
2284 
1340 
2620 
2108 
2404 
2128 
2320 
2148 
2296 
2108 
2244 
2112 
2200 
2092 
2200 
2060 
2188 
2032 
2188 
1988 
2208 
2036 
2188 
2008 
2144 
1932 
1436 
1584 
1280 
1408 
1248 
1292 
1216 
1148 
1192 
1076 
1228 
996 
1332 
924 
1404 
920 
1468 
820 
1620 
828 
1836 
724 
1888 
704 
1920 
732 
1956 
896 
2040 
1164 
2444 
1684 
2528 
2092 
2356 
2188 
2316 
2208 
2256 
2156 
2256 
2120 
2224 
2144 
2200 
2084 
2200 
2064 
2188 
2040 
2168 
2012 
2188 
2044 
1880 
1832 
1420 
1500 
1328 
1344 
1228 
1168 
1192 
1084 
1224 
1000 
1300 
916 
1428 
860 
1472 
828 
1524 
816 
1712 
772 
1876 
732 
1912 
684 
1928 
780 
1976 
936 
2156 
1304 
2580 
2032 
2452 
2104 
2356 
2068 
2268 
2048 
2264 
2064 
2232 
2028 
2200 
2008 
2204 
2036 
2200 
2004 
2196 
2020 
2200 
1984 
2184 
1968 
1644 
1660 
1356 
1384 
1300 
1204 
1228 
1064 
1244 
1016 
1276 
944 
1360 
880 
1420 
864 
1480 
840 
1528 
788 
1664 
808 
1848 
764 
1864 
736 
1896 
708 
1940 
892 
2028 
1168 
2504 
1652 
2564 
2112 
2336 
2148 
2320 
2104 
2268 
2112 
2236 
2132 
2224 
2096 
2208 
2076 
2204 
2080 
2224 
2044 
2192 
2032 
2164 
2056 
1820 
1728 
1368 
1452 
1268 
1248 
1224 
1084 
1236 
948 
1308 
896 
1416 
860 
1600 
828 
1720 
808 
1820 
772 
1852 
752 
1888 
736 
1904 
708 
1936 
764 
1984 
924 
2168 
1380 
2584 
2108 
2400 
2088 
2324 
2132 
2272 
2064 
2236 
2060 
2224 
2032 
2204 
2044 
2192 
2080 
2208 
2024 
2164 
2020 
2176 
2032 
2096 
1796 
1400 
1484 
1312 
1280 
1264 
1124 
1228 
1068 
1208 
1004 
1276 
928 
1376 
860 
1384 
892 
1440 
832 
1552 
796 
1792 
776 
1912 
732 
1944 
696 
1964 
764 
2044 
1092 
2360 
1376 
2664 
2120 
2460 
2120 
2372 
2064 
2304 
2096 
2296 
2100 
2256 
2048 
2216 
2040 
2180 
2028 
2208 
2068 
2228 
2008 
2188 
2012 
2172 
2020 
1548 
1628 
1284 
1376 
1256 
1220 
1208 
1152 
1232 
1028 
1268 
992 
1348 
924 
1396 
876 
1452 
872 
1496 
832 
1660 
780 
1928 
720 
1936 
692 
2000 
712 
2028 
828 
2144 
1200 
2616 
1792 
2616 
2128 
2396 
2116 
2316 
2108 
2288 
2080 
2256 
2044 
2204 
2032 
2232 
1996 
2204 
1992 
2200 
2012 
2200 
1964 
2196 
1992 
1792 
1800 
1328 
1508 
1280 
1308 
1224 
1228 
1228 
1116 
1228 
1080 
1312 
1000 
1348 
960 
1408 
864 
1436 
848 
1592 
808 
1780 
768 
1940 
708 
1932 
700 
2040 
772 
2096 
1196 
2544 
1640 
2656 
2176 
2408 
2184 
2336 
2176 
2328 
2208 
2268 
2144 
2260 
2112 
2240 
2084 
2216 
2080 
2212 
2080 
2236 
2044 
2232 
2048 
2080 
1960 
1436 
1632 
1292 
1384 
1228 
1264 
1212 
1132 
1208 
1036 
1256 
988 
1268 
960 
1340 
896 
1328 
860 
1424 
836 
1580 
780 
1840 
748 
1960 
700 
1976 
712 
2064 
924 
2240 
1296 
2604 
1932 
2576 
2108 
2412 
2112 
2332 
2112 
2304 
2112 
2268 
2068 
2268 
2080 
2256 
2036 
2236 
2024 
2236 
2028 
2200 
2036 
2192 
2096 
1696 
1832 
1336 
1544 
1264 
1420 
1232 
1304 
1200 
1180 
1220 
1080 
1236 
1004 
1264 
1008 
1300 
964 
1372 
888 
1508 
796 
1776 
772 
1932 
700 
1944 
704 
2020 
776 
2080 
1068 
2492 
1488 
2696 
2116 
2484 
2120 
2408 
2040 
2356 
2048 
2328 
2060 
2280 
2040 
2252 
2036 
2268 
2028 
2248 
2032 
2232 
2016 
2240 
2000 
2148 
1916 
1420 
1616 
1264 
1316 
1216 
1212 
1216 
1100 
1224 
1008 
1276 
924 
1372 
876 
1440 
864 
1508 
804 
1632 
800 
1852 
748 
1900 
692 
1964 
672 
2004 
756 
2056 
988 
2416 
1324 
2672 
2088 
2556 
2064 
2412 
2040 
2356 
2084 
2300 
2016 
2268 
2040 
2244 
1980 
2228 
1980 
2216 
1960 
2240 
1984 
2212 
2040 
2120 
1964 
1504 
1620 
1328 
1372 
1252 
1276 
1204 
1172 
1196 
1120 
1172 
1096 
1212 
1020 
1288 
960 
1356 
844 
1604 
816 
1936 
760 
1956 
704 
1964 
696 
2028 
752 
2112 
880 
2352 
1176 
2652 
1820 
2600 
2112 
2460 
2096 
2388 
2088 
2324 
2124 
2300 
2068 
2312 
2060 
2268 
2056 
2268 
2036 
2280 
2008 
2284 
2004 
2228 
2028 
2132 
2020 
1420 
1672 
1244 
1492 
1220 
1396 
1216 
1328 
1156 
1232 
1212 
1160 
1248 
1144 
1244 
1048 
1288 
976 
1440 
860 
1664 
792 
1968 
716 
2016 
680 
2044 
732 
2112 
1024 
2368 
1324 
2696 
2024 
2576 
2104 
2388 
2092 
2376 
2096 
2352 
2076 
2316 
2040 
2280 
2032 
2284 
2044 
2304 
2008 
2268 
1972 
2256 
1984 
2248 
2040 
1960 
1916 
1392 
1516 
1264 
1328 
1232 
1212 
1200 
1092 
1180 
1012 
1292 
960 
1416 
900 
1536 
844 
1620 
816 
1792 
760 
1896 
740 
1948 
692 
1964 
676 
2024 
748 
2088 
976 
2340 
1428 
2688 
2076 
2528 
2156 
2412 
2128 
2408 
2036 
2336 
2040 
2300 
2096 
2268 
2084 
2244 
2080 
2248 
1980 
2228 
2012 
2228 
2016 
2224 
1980 
1692 
1716 
1332 
1444 
1264 
1336 
1212 
1192 
1232 
1068 
1236 
1000 
1276 
948 
1364 
924 
1400 
904 
1504 
848 
1724 
764 
1968 
720 
1992 
688 
2024 
760 
2048 
908 
2236 
1284 
2664 
2044 
2500 
2124 
2380 
2120 
2324 
2108 
2236 
2088 
2256 
2080 
2232 
2080 
2208 
2064 
2188 
2044 
2208 
2040 
2204 
2020 
2176 
2028 
1640 
1784 
1308 
1456 
1228 
1296 
1196 
1084 
1232 
1004 
1284 
928 
1376 
888 
1516 
848 
1572 
824 
1664 
772 
1772 
792 
1872 
752 
1928 
700 
1984 
700 
1996 
724 
2072 
916 
2268 
1236 
2720 
1848 
2592 
2140 
2424 
2176 
2348 
2104 
2320 
2076 
2296 
2104 
2276 
2036 
2256 
2060 
2252 
2044 
2256 
2024 
2216 
2004 
2208 
2044 
2040 
1960 
1408 
1664 
1288 
1368 
1240 
1208 
1216 
1084 
1208 
1000 
1292 
920 
1392 
880 
1548 
832 
1736 
796 
1860 
732 
1924 
700 
1928 
664 
1996 
668 
2024 
724 
2104 
924 
2340 
1292 
2712 
2000 
2584 
2176 
2412 
2152 
2360 
2148 
2300 
2080 
2308 
2068 
2272 
2044 
2248 
2052 
2252 
2060 
2256 
2036 
2240 
1980 
2196 
2032 
1772 
1780 
1304 
1420 
1236 
1260 
1240 
1144 
1232 
1036 
1280 
996 
1368 
952 
1400 
916 
1472 
872 
1564 
836 
1692 
804 
1884 
772 
1956 
712 
2012 
676 
2096 
784 
2232 
1200 
2664 
1748 
2684 
2152 
2396 
2196 
2364 
2184 
2316 
2188 
2296 
2156 
2260 
2152 
2272 
2084 
2248 
2100 
2240 
2068 
2224 
2072 
2212 
2096 
1976 
1808 
1412 
1524 
1312 
1336 
1244 
1192 
1212 
1036 
1228 
956 
1264 
936 
1300 
896 
1352 
896 
1436 
864 
1588 
816 
1852 
776 
1964 
732 
1988 
752 
2032 
876 
2164 
1220 
2612 
1708 
2660 
2096 
2460 
2112 
2404 
2064 
2376 
2044 
2344 
2028 
2292 
2012 
2288 
1996 
2288 
2040 
2268 
2028 
2264 
2028 
2244 
1996 
1996 
1884 
1424 
1528 
1308 
1380 
1264 
1260 
1224 
1184 
1196 
1132 
1240 
1064 
1332 
992 
1372 
932 
1420 
880 
1664 
816 
1960 
764 
1996 
788 
2020 
992 
2092 
1260 
2620 
1896 
2616 
2144 
2440 
2112 
2364 
2096 
2344 
2092 
2332 
2044 
2304 
2016 
2276 
2012 
2260 
2000 
2236 
1952 
2252 
1948 
2240 
1988 
2184 
1924 
1384 
1488 
1272 
1316 
1272 
1100 
1264 
1052 
1324 
984 
1388 
944 
1480 
904 
1560 
928 
1580 
840 
1680 
860 
1788 
820 
1912 
756 
2000 
716 
2020 
676 
2068 
828 
2188 
1136 
2636 
1484 
2828 
2240 
2592 
2144 
2492 
2112 
2468 
2124 
2396 
2112 
2360 
2108 
2328 
2124 
2308 
2108 
2288 
2116 
2272 
2104 
2276 
2044 
2264 
2028 
1836 
1784 
1392 
1468 
1272 
1344 
1248 
1276 
1212 
1224 
1216 
1152 
1244 
1084 
1280 
1020 
1312 
948 
1404 
884 
1684 
796 
2000 
748 
2036 
732 
2044 
888 
2148 
1128 
2512 
1512 
2732 
2136 
2544 
2084 
2448 
2112 
2400 
2136 
2368 
2076 
2344 
2112 
2344 
2036 
2304 
2044 
2340 
2032 
2288 
2020 
2272 
2052 
2236 
1944 
1436 
1520 
1276 
1332 
1216 
1216 
1200 
1036 
1280 
960 
1344 
892 
1472 
876 
1540 
868 
1660 
828 
1836 
784 
1948 
744 
2004 
696 
2028 
764 
2064 
872 
2172 
1088 
2568 
1412 
2764 
2212 
2512 
2176 
2424 
2164 
2380 
2112 
2348 
2080 
2308 
2080 
2292 
2104 
2308 
2060 
2288 
2060 
2256 
2020 
2264 
2048 
2252 
1984 
1540 
1524 
1300 
1268 
1244 
1080 
1244 
988 
1280 
928 
1420 
844 
1648 
836 
1820 
796 
1928 
796 
1948 
732 
2016 
708 
2032 
668 
2044 
732 
2044 
816 
2168 
1124 
2560 
1512 
2756 
2084 
2488 
2108 
2440 
2064 
2388 
2044 
2340 
2024 
2284 
2040 
2268 
2032 
2272 
2012 
2256 
2044 
2264 
2036 
2220 
2036 
2224 
2092 
1792 
1796 
1340 
1428 
1320 
1252 
1264 
1152 
1240 
1064 
1264 
992 
1328 
952 
1416 
912 
1520 
844 
1640 
812 
1824 
768 
1952 
708 
1968 
684 
2052 
764 
2092 
944 
2320 
1248 
2732 
1868 
2676 
2092 
2496 
2076 
2404 
2040 
2400 
2020 
2360 
2028 
2336 
2024 
2292 
1996 
2284 
2028 
2252 
2004 
2256 
2048 
2252 
2020 
1548 
1716 
1300 
1412 
1240 
1240 
1228 
1120 
1212 
1028 
1284 
952 
1368 
920 
1468 
868 
1600 
824 
1772 
832 
1932 
780 
1952 
720 
2000 
692 
2032 
736 
2072 
972 
2368 
1384 
2768 
2128 
2512 
2160 
2404 
2112 
2384 
2124 
2328 
2140 
2312 
2092 
2304 
2112 
2292 
2084 
2268 
2048 
2276 
2052 
2236 
2068 
2232 
1940 
1512 
1684 
1356 
1456 
1260 
1288 
1228 
1076 
1236 
972 
1328 
920 
1440 
880 
1584 
864 
1656 
832 
1752 
800 
1916 
756 
1972 
716 
2032 
696 
2036 
780 
2132 
1016 
2460 
1316 
2744 
2016 
2524 
2108 
2448 
2164 
2388 
2172 
2360 
2112 
2320 
1980 
2280 
2004 
2292 
2060 
2284 
2016 
2272 
1996 
2252 
2020 
2212 
1968 
1500 
1612 
1312 
1352 
1280 
1180 
1244 
1080 
1272 
976 
1320 
960 
1424 
892 
1512 
852 
1612 
812 
1788 
776 
1916 
736 
1984 
716 
2012 
680 
2084 
832 
2204 
1140 
2608 
1616 
2716 
2136 
2460 
2164 
2416 
2120 
2380 
2080 
2360 
2024 
2332 
2052 
2284 
2028 
2260 
2028 
2272 
2044 
2220 
2044 
2240 
2000 
1440 
1692 
1276 
1416 
1216 
1228 
1212 
1132 
1264 
988 
1396 
920 
1588 
868 
1836 
844 
1948 
780 
2016 
696 
2100 
724 
2128 
908 
2300 
1216 
2772 
2004 
2632 
2060 
2500 
2108 
2428 
2108 
2396 
2076 
2324 
2056 
2312 
2004 
2284 
2052 
2296 
2020 
2280 
2080 
1832 
1956 
1264 
1448 
1224 
1152 
1332 
928 
1600 
856 
1864 
804 
1968 
764 
2028 
692 
2104 
828 
2328 
1096 
2780 
1484 
2952 
2168 
2704 
2108 
2640 
2132 
2548 
2144 
2448 
2080 
2408 
2060 
2344 
2056 
2328 
2028 
2272 
2012 
2116 
1984 
1244 
1312 
1232 
1020 
1372 
844 
1688 
792 
2004 
736 
2148 
804 
2336 
1100 
2928 
1436 
3016 
2120 
2808 
2080 
2740 
2068 
2668 
2064 
2576 
2024 
2492 
2040 
2440 
2092 
2408 
2048 
2400 
2016 
2352 
1888 
1272 
1288 
1260 
880 
1472 
768 
1900 
696 
2140 
772 
2364 
1116 
2856 
1552 
2928 
2080 
2752 
2060 
2696 
2068 
2624 
2068 
2552 
2060 
2488 
2092 
2428 
2040 
2416 
2048 
2400 
1980 
2360 
1976 
1484 
1424 
1252 
940 
1344 
800 
1580 
716 
2016 
684 
2248 
1044 
2684 
1328 
2992 
1964 
2856 
2028 
2680 
2032 
2608 
2092 
2548 
2120 
2488 
2044 
2444 
2044 
2404 
1992 
2392 
1956 
2340 
1944 
1560 
1456 
1280 
940 
1404 
804 
1700 
692 
2072 
660 
2292 
988 
2712 
1360 
2884 
2184 
2788 
2172 
2716 
2172 
2616 
2172 
2572 
2160 
2504 
2156 
2464 
2128 
2440 
2120 
2428 
2080 
2388 
2020 
2168 
1848 
1200 
1020 
1276 
800 
1568 
696 
1968 
636 
2208 
928 
2552 
1228 
2840 
2024 
2824 
2100 
2676 
2092 
2692 
2108 
2568 
2068 
2512 
2112 
2448 
2040 
2384 
2060 
2340 
2040 
2352 
1996 
2360 
1988 
1260 
1268 
1196 
888 
1316 
756 
1616 
688 
2128 
768 
2368 
1168 
2864 
1532 
2884 
2040 
2724 
2036 
2660 
2032 
2580 
2092 
2516 
2096 
2496 
2072 
2424 
2056 
2416 
2080 
2400 
1976 
2332 
1952 
1348 
1348 
1248 
864 
1348 
704 
1708 
672 
2100 
696 
2308 
1060 
2760 
1384 
2876 
2104 
2752 
2124 
2632 
2144 
2608 
2140 
2556 
2040 
2496 
2080 
2452 
2056 
2416 
2036 
2400 
1992 
2364 
2100 
1892 
1676 
1176 
1008 
1228 
760 
1492 
680 
1988 
640 
2204 
920 
2620 
1212 
2900 
1856 
2828 
2092 
2676 
2088 
2612 
2156 
2580 
2128 
2500 
2080 
2440 
2024 
2412 
2032 
2384 
1968 
2372 
2064 
2336 
1948 
1212 
1220 
1204 
840 
1408 
712 
1768 
656 
2168 
728 
2388 
1100 
2892 
1520 
2936 
2028 
2748 
2064 
2700 
2036 
2616 
2104 
2576 
2028 
2520 
2028 
2440 
2036 
2428 
1992 
2432 
1956 
2376 
2012 
1632 
1500 
1216 
924 
1324 
768 
1648 
684 
2136 
672 
2340 
964 
2748 
1312 
2924 
2040 
2880 
2096 
2764 
2196 
2672 
2192 
2608 
2112 
2516 
2092 
2476 
2044 
2464 
2040 
2440 
2040 
2408 
2112 
1824 
1816 
1208 
1056 
1256 
804 
1440 
704 
1980 
620 
2228 
936 
2620 
1216 
2868 
2000 
2816 
2076 
2716 
2108 
2644 
2128 
2588 
2060 
2532 
2060 
2512 
1996 
2444 
2032 
2424 
2016 
2380 
1992 
2356 
1996 
1276 
1320 
1188 
904 
1328 
752 
1568 
676 
2132 
684 
2344 
1060 
2932 
1364 
2972 
2152 
2852 
2088 
2768 
2156 
2684 
2144 
2588 
2080 
2528 
2056 
2492 
2036 
2428 
2024 
2396 
2000 
2392 
2040 
2032 
1832 
1188 
1052 
1240 
788 
1404 
720 
1776 
636 
2220 
824 
2468 
1176 
2948 
1760 
2924 
2068 
2756 
2108 
2680 
2216 
2636 
2096 
2544 
2128 
2488 
2076 
2480 
2012 
2436 
1988 
2432 
1952 
2368 
2088 
1500 
1480 
1228 
940 
1328 
764 
1532 
692 
2104 
652 
2356 
988 
2896 
1340 
3044 
2208 
2872 
2152 
2784 
2148 
2696 
2144 
2624 
2116 
2556 
2084 
2524 
2080 
2504 
2044 
2488 
2004 
2428 
2112 
2276 
1972 
1212 
1152 
1232 
860 
1352 
716 
1732 
656 
2208 
780 
2448 
1172 
2944 
1576 
2960 
2116 
2812 
2068 
2752 
2128 
2688 
2028 
2608 
2116 
2544 
2036 
2508 
2000 
2484 
1956 
2468 
1936 
2416 
2008 
1764 
1584 
1176 
940 
1256 
768 
1452 
700 
1920 
640 
2264 
888 
2600 
1216 
2976 
1784 
2912 
2128 
2780 
2132 
2732 
2132 
2664 
2060 
2604 
2016 
2568 
2028 
2508 
1980 
2472 
1976 
2472 
2000 
2432 
2008 
1364 
1540 
1180 
940 
1296 
768 
1552 
696 
2108 
692 
2396 
1036 
2892 
1320 
3008 
2144 
2892 
2136 
2800 
2148 
2716 
2116 
2648 
2100 
2568 
2048 
2528 
2024 
2496 
2012 
2496 
1956 
2452 
2120 
2276 
1908 
1240 
1152 
1216 
852 
1344 
768 
1680 
668 
2204 
832 
2428 
1208 
2944 
1684 
2992 
2104 
2812 
2120 
2716 
2092 
2672 
2044 
2588 
2028 
2556 
1956 
2504 
1968 
2484 
1980 
2452 
1916 
2432 
1932 
1264 
1288 
1188 
880 
1368 
748 
1712 
696 
2160 
708 
2420 
1064 
2924 
1456 
3004 
2096 
2836 
2140 
2752 
2112 
2680 
2164 
2636 
2068 
2588 
2044 
2544 
2020 
2508 
2080 
2496 
2016 
2432 
2068 
2236 
1860 
1192 
1120 
1208 
852 
1348 
736 
1732 
660 
2240 
800 
2444 
1164 
2976 
1660 
3012 
2212 
2832 
2240 
2800 
2200 
2680 
2184 
2628 
2136 
2608 
2120 
2528 
2096 
2472 
2136 
2460 
2068 
2420 
2148 
2044 
1856 
1164 
1020 
1228 
796 
1400 
700 
1900 
636 
2268 
872 
2616 
1228 
2992 
1820 
2960 
2112 
2788 
2104 
2752 
2108 
2676 
2072 
2604 
2076 
2548 
2032 
2492 
2080 
2488 
2036 
2512 
2044 
2440 
2112 
1536 
1536 
1168 
952 
1296 
752 
1484 
692 
2032 
636 
2360 
1000 
2804 
1308 
3040 
1932 
2948 
2116 
2848 
2132 
2780 
2112 
2664 
2072 
2612 
2080 
2580 
2012 
2516 
1988 
2504 
1984 
2496 
1896 
2488 
1528 
1508 
904 
1672 
732 
1848 
668 
2200 
640 
2324 
796 
2692 
1144 
2872 
1764 
2964 
2092 
2936 
2168 
2884 
2152 
2780 
2180 
2784 
2128 
2712 
2116 
2616 
2044 
2596 
2112 
2592 
2044 
2556 
2020 
2548 
1600 
1244 
868 
1400 
708 
1896 
644 
2236 
708 
2512 
1072 
3028 
1440 
3052 
2076 
2940 
2108 
2876 
2208 
2840 
2172 
2800 
2144 
2732 
2116 
2660 
2140 
2620 
2140 
2556 
2084 
2576 
2036 
2524 
1992 
1388 
1020 
1372 
772 
1696 
636 
2228 
632 
2420 
884 
2888 
1256 
3028 
1988 
3068 
2212 
2896 
2240 
2844 
2240 
2784 
2140 
2732 
2104 
2644 
2128 
2600 
2072 
2540 
2044 
2564 
2028 
2500 
2040 
1800 
1284 
1220 
856 
1372 
712 
1804 
672 
2336 
812 
2688 
1152 
3028 
1516 
3036 
2128 
2992 
2208 
2892 
2196 
2808 
2152 
2792 
2144 
2680 
2104 
2660 
2072 
2616 
2084 
2576 
2020 
2568 
2044 
2432 
1720 
1248 
944 
1308 
728 
1628 
660 
2228 
656 
2440 
952 
2948 
1304 
3004 
2088 
2972 
2132 
2840 
2160 
2804 
2184 
2736 
2104 
2668 
2108 
2628 
2104 
2568 
2084 
2524 
2068 
2524 
1996 
2472 
1952 
1344 
1196 
1260 
820 
1400 
720 
1868 
640 
2304 
788 
2576 
1168 
2948 
1544 
2924 
2028 
2880 
2144 
2808 
2188 
2716 
2168 
2720 
2096 
2628 
2104 
2592 
2020 
2520 
2048 
2500 
2000 
2476 
2084 
2120 
1740 
1236 
984 
1276 
792 
1504 
708 
2112 
632 
2328 
892 
2652 
1256 
2972 
1836 
2952 
2084 
2816 
2140 
2784 
2156 
2684 
2168 
2648 
2140 
2588 
2100 
2576 
2056 
2548 
2016 
2528 
1968 
2472 
1964 
1296 
1208 
1220 
860 
1392 
736 
1808 
656 
2280 
748 
2496 
1080 
2912 
1552 
3004 
2140 
2876 
2140 
2812 
2160 
2732 
2156 
2732 
2152 
2640 
2076 
2612 
2092 
2568 
2008 
2544 
2012 
2476 
2000 
1472 
1236 
1236 
852 
1456 
728 
1892 
668 
2268 
704 
2488 
1004 
2940 
1396 
3064 
2164 
3000 
2092 
2848 
2168 
2780 
2200 
2760 
2156 
2652 
2140 
2596 
2076 
2568 
2120 
2552 
2064 
2528 
2168 
2464 
1900 
1204 
1116 
1220 
844 
1352 
724 
1880 
660 
2336 
936 
2592 
1268 
3016 
1884 
2976 
2108 
2808 
2132 
2768 
2144 
2712 
2092 
2660 
2100 
2568 
2040 
2528 
2016 
2512 
2012 
2480 
2008 
2428 
1988 
2412 
1912 
1236 
1076 
1284 
816 
1496 
744 
1920 
672 
2356 
804 
2596 
1232 
3060 
1696 
3104 
2148 
2976 
2188 
2924 
2200 
2832 
2120 
2748 
2072 
2676 
2076 
2608 
2072 
2624 
2072 
2600 
2008 
2532 
2072 
1804 
1532 
1212 
964 
1304 
764 
1524 
700 
2184 
680 
2444 
988 
2892 
1352 
3008 
2052 
2972 
2092 
2852 
2160 
2848 
2088 
2736 
2084 
2700 
2064 
2620 
2096 
2564 
2028 
2584 
1984 
2568 
2000 
2492 
2004 
1292 
1352 
1208 
924 
1344 
764 
1624 
700 
2260 
676 
2496 
1056 
2928 
1376 
3068 
2200 
2960 
2120 
2856 
2136 
2780 
2140 
2740 
2120 
2684 
2108 
2620 
2032 
2572 
2044 
2548 
1972 
2532 
2104 
2476 
1940 
1212 
1112 
1240 
832 
1420 
728 
1936 
668 
2312 
872 
2644 
1236 
3052 
1704 
3060 
2124 
2876 
2120 
2828 
2128 
2728 
2068 
2652 
2072 
2604 
2056 
2556 
2016 
2580 
1988 
2540 
1976 
2484 
2060 
1396 
1344 
1216 
900 
1320 
768 
1620 
712 
2216 
684 
2484 
1056 
2968 
1408 
3108 
2116 
3000 
2044 
2848 
2112 
2808 
2128 
2752 
2100 
2652 
2044 
2608 
2084 
2596 
2040 
2576 
2024 
2512 
2080 
2080 
1804 
1228 
1000 
1320 
800 
1536 
696 
2116 
612 
2432 
892 
2804 
1292 
3096 
1988 
3056 
2180 
2896 
2168 
2840 
2124 
2756 
2120 
2692 
2132 
2668 
2072 
2592 
2044 
2564 
2016 
2560 
2040 
2512 
1964 
1244 
1068 
1236 
812 
1436 
676 
1964 
644 
2400 
824 
2688 
1236 
3024 
1820 
3012 
2088 
2932 
2152 
2856 
2124 
2812 
2144 
2760 
2100 
2728 
2100 
2656 
2064 
2640 
2052 
2596 
2064 
2536 
1948 
1252 
1220 
1200 
868 
1356 
720 
1688 
636 
2304 
760 
2664 
1216 
3044 
1680 
3084 
2144 
2892 
2140 
2840 
2148 
2780 
2116 
2708 
2084 
2620 
2064 
2620 
2076 
2592 
2024 
2568 
2028 
2296 
1944 
1312 
1104 
1288 
792 
1508 
704 
2108 
648 
2400 
844 
2716 
1212 
3072 
1768 
3068 
2036 
2924 
2144 
2960 
2160 
2872 
2148 
2780 
2148 
2700 
2072 
2620 
2120 
2628 
2096 
2556 
2044 
2560 
1944 
1284 
1336 
1236 
940 
1344 
808 
1736 
720 
2276 
796 
2568 
1112 
3040 
1500 
3000 
2184 
2896 
2124 
2844 
2168 
2768 
2152 
2668 
2128 
2648 
2096 
2604 
2072 
2584 
2044 
2568 
2036 
2496 
2144 
1812 
1696 
1216 
996 
1292 
820 
1500 
784 
1896 
700 
2268 
688 
2496 
960 
2864 
1236 
3048 
1744 
3104 
2100 
2972 
2192 
2880 
2176 
2768 
2132 
2728 
2108 
2640 
2080 
2620 
2076 
2648 
2080 
2608 
2044 
2588 
2064 
1344 
1688 
1180 
1300 
1216 
1068 
1280 
992 
1476 
976 
1752 
1004 
2220 
960 
2272 
864 
2332 
764 
2348 
744 
2396 
920 
2736 
1456 
3056 
2236 
2772 
2240 
2688 
2220 
2604 
2288 
2592 
2240 
2516 
2220 
2492 
2180 
2496 
2152 
2464 
2212 
2432 
2136 
1444 
1796 
1196 
1532 
1184 
1412 
1184 
1384 
1232 
1328 
1260 
1256 
1336 
1164 
1416 
1020 
1532 
916 
1796 
828 
2204 
768 
2336 
804 
2412 
1160 
2800 
1532 
2988 
2196 
2660 
2232 
2620 
2212 
2568 
2200 
2492 
2176 
2484 
2132 
2472 
2140 
2468 
2112 
2460 
2100 
2448 
2112 
2416 
2176 
2220 
2072 
1680 
1852 
1476 
1632 
1412 
1452 
1380 
1344 
1340 
1260 
1300 
1196 
1280 
1148 
1260 
1132 
1280 
1084 
1256 
1080 
1236 
1064 
1248 
1064 
1264 
1040 
1272 
1028 
1300 
1008 
1332 
968 
1424 
908 
1596 
860 
1856 
848 
2104 
812 
2188 
796 
2272 
800 
2280 
888 
2332 
1000 
2412 
1100 
2464 
1200 
2524 
1232 
2576 
1248 
2600 
1216 
2636 
1220 
2620 
1252 
2644 
1296 
2620 
1256 
2612 
1216 
2620 
1168 
2672 
